function busdt = busdatas( )


        
%         |Bus | Type | Vsp | theta | PGi | QGi   | PLi     | QLi |  Qmin |  Qmax |
bus14 =    [1     2    1.060   0     2.32    0       0        0      -10      10;
            2     1    1.045   0     0.40  -0.424    0.217    0.127   -0.4     0.5;
            3     2    1.010   0       0     0       0.942    0.190    0       0.4;
            4     3    1.0     0       0     0       0.478   -0.039    0       0;
            5     3    1.0     0       0     0       0.076    0.016    0       0;
            6     2    1.070   0       0     0       0.112    0.075   -0.6     0.24;
            7     3    1.0     0       0     0       0.0      0.0      0       0;
            8     2    1.090   0       0     0       0.0      0.0     -0.6     0.24;
            9     3    1.0     0       0     0       0.295    0.166    0       0;
            10    3    1.0     0       0     0       0.09     0.058    0       0;
            11    3    1.0     0       0     0       0.035    0.018    0       0;
            12    3    1.0     0       0     0       0.061    0.016    0       0;
            13    3    1.0     0       0     0       0.135    0.058    0       0;
            14    3    1.0     0       0     0       0.149    0.05     0       0;];
        

        
busdt = bus14;  
end